55.5
56.5
40.5
44
54.5
47.5
46.5
40
50
52
47.5
53
44.5
42
44
50
47
47
40
49.5
36.5
57.5
56.5
55.5
45.5
49.5
55
55
57
55
58.5
57
58
38.5
59
56.5
53.5
45.5
34
43
47.5
52
52
57
47.5
58.5
53
58
54
54
51.5
43
53.5
48
50
54.5
52
32
53.5
47.09
51
45.5
39.5
46
37.5
49
48.5
54.5
32.5
53.5
54
40
45.5
40
46
48.5
51.5
40.5
36.5
41.5
43
55
54
48
51.5
53
48.5
52
45
54
50.5
46.5
47
52
51.5
40
49.5
50.5
44
41
37
37.5
27
38
42.5
56.5
39.5
30
31
45
44
41.5
33.5
37.5
34.5
53.5
30
44
39
30
27
45.5
40.5
35
30
46.5
51
33.5
44.5
32
38
55.5
54.5
40
49
34
36
52
30.5
35.5
47
47
47.5
46.5
41.5
49
35
37.5
47.5
39
46
49.5
35.5
7.5
48.5
31
34
46.5
40.5
40.5
53.5
35
44
40
51
37.5
44.5
41
45
56.5
49
50.5
39.5
39.5
55
35.5
46
48.5
36
35.5
34
34
4
24
38.5
34.5
36
30.5
36.5
37.5
41.5
42.5
44.5
36
32.5
31.5
41.5
36.5
36
48
46
36.5
36
35
33.5
47
42
56
39.5
43
32.5
44
41
37
41.5
56.5
58
54.5
40.5
42.5
35.5
53
56
36
52
42.5
37.5
13
46
39.5
39.5
36
57
42.5
39.5
42
46
31.5
35
34.5
51
35
37.5
12.5
42
39.5
44.5
30
41.5
47
39
46
41
39.5
47
59
32.5
33.5
46.5
50
31.5
38
49.5
49
12
48
58
51
41
48
42
36.5
43.5
49.5
52
32.5
41.5
34
33.5
38
46
39.5
35
42.5
34
44.5
31
8
36.5
42.5
50.5
40.5
32
31.5
38
37
42
36.5
39.5
39.5
43.5
33.5
38
30.5
37.5
38.5
41
29
44.5
23.5
26
44
35.5
37.5
42
43.5
33.5
34
26
32
36.5
50
31.5
44
31
45.5
50
40
2
11
49.5
43
36.5
57
31
45.5
32
48
50.5
34.5
26.5
24.5
33
52
40.5
20
33
37
46.5
37.5
30.5
39
34.5
13
36.5
30.5
35.5
31
43.5
45
37
52
36
38.5
47.5
39.5
36.5
37
32.5
47
30
37.5
41.5
37.5
36.5
35
31.5
39
36
35.5
50.5
43
30
30.5
46.5
35.5


